cam_x: 
  width  : 1241.0
  height : 376.0
  fx     : 718.8560
  fy     : 718.8560
  cx     : 607.1928
  cy     : 185.2157

cam_y: 
  width  : 1242.0
  height : 375.0
  fx     : 721.5377
  fy     : 721.5377
  cx     : 609.5593
  cy     : 172.854

cam_z:
  width  : 1226.0
  height : 370.0
  fx     : 707.0912
  fy     : 707.0912
  cx     : 601.8873
  cy     : 183.1104

cam_laptop:
    width  : 640.0
    height : 480.0
    fx     : 949.1738
    fy     : 949.8636
    cx     : 663.606
    cy     : 346.456
    d : [0.0196, -0.26276, 0.00036, -0.00526, 0.04107]
